((("socks-" .
   [0 0 0 0 1 0])
  ("cd" .
   [1 0])
  ("module-devel" .
   [0 0 0 0 0 0 0 0 0 1 0 0])
  ("max" .
   [0 0 1])
  ("repr" .
   [0 0 1 0])
  ("import" .
   [1 0 1 0 0 0])
  ("flyspell-prog-mode" .
   [0 0 0 0 0 1 0 0 0 0 0 0 0 0 0 0 0 0])
  ("message" .
   [1 0 0 0 2 0 0])
  ("format" .
   [1 0 0 0 0 0])
  ("do" .
   [3 0])
  ("while" .
   [0 0 0 1 0])
  ("d" .
   [1])
  ("duration" .
   [2 0 1 0 0 0 0 0])
  ("offsetTop" .
   [0 0 0 2 0 0 0 0 0])
  ("offsetLeft" .
   [0 0 0 1 0 0 1 0 0 0])
  ("left" .
   [2 0 0 0])
  ("table" .
   [0 0 1 0 0])
  ("table-cell" .
   [0 0 1 0 0 0 0 0 0 0])
  ("animate" .
   [0 0 0 2 0 0 0])
  ("2000" .
   [1 0 0 0])
  ("width" .
   [3 0 2 1 0])
  ("1000" .
   [1 0 0 0])
  ("else" .
   [4 0 0 0])
  ("float" .
   [0 0 0 0 1])
  ("if" .
   [3 0])
  ("tilesPos" .
   [0 0 0 0 2 0 0 0])
  ("3000" .
   [1 0 0 0])
  ("var" .
   [2 0 0])
  ("6" .
   [1])
  ("tileNr" .
   [2 0 0 0 1 2])
  ("tile" .
   [3 0 0 0])
  ("Scroll" .
   [0 0 0 0 1 0])
  ("ScrollTo" .
   [1 0 0 0 0 0 0 0])
  ("length" .
   [0 0 0 1 0 0])
  ("return" .
   [1 0 0 0 0 0])
  ("500" .
   [1 0 0])
  ("10" .
   [1 0])))
